400.3205	1760.9009
402.61176	1585.7164
404.90201	1505.0878
407.19128	1327.0042
409.47958	1178.4626
411.76685	1176.8641
414.05316	1145.6108
416.33844	951.51434
418.62277	863.98511
420.90607	681.84357
423.18842	546.50891
425.46976	448.00723
427.75009	314.56839
430.02945	199.82622
432.30783	89.217766
434.58521	62.984077
436.8616	94.569382
439.13699	67.224983
441.41144	3.2052907e-005
443.68488	80.552635
445.95731	140.74115
448.22879	214.02888
450.49927	478.88193
452.76877	799.37006
455.03729	1189.3672
457.30481	1520.3483
459.57135	1639.9915
461.83694	1585.5817
464.10153	1331.604
466.36514	977.94727
468.62778	585.50305
470.8894	294.36392
473.15009	136.42973
475.40979	-4.5277597e-005
477.66852	161.37802
479.92624	411.66864
482.18301	736.38141
484.43881	965.62646
486.6936	1262.9176
488.94745	1541.3729
491.20032	2085.5085
493.45221	2452.2478
495.70313	2664.9124
497.95306	2858.0298
500.20206	3055.3279
502.45007	3445.7363
504.69708	3869.5884
506.94315	3916.021
509.18826	3554.969
511.43237	3186.3708
513.67554	3025.1711
515.91772	2852.1111
518.15894	2526.5349
520.39917	2214.9932
522.63849	2105.6333
524.87683	2130.6067
527.11414	2033.0645
529.35052	1806.9634
531.586	1779.8604
533.82043	1935.9121
536.05396	2115.0793
538.2865	2481.324
540.51807	2873.0093
542.74866	3604.8992
544.97833	4189.7598
547.20703	4474.1611
549.43475	4380.6704
551.66156	4115.6587
553.88733	3808.9001
556.11218	3907.7668
558.33612	4600.4336
560.55908	6310.0786
562.78107	8868.6777
565.00208	10726.411
567.22217	10546.057
569.44128	8956.7998
571.65942	8084.02
573.87665	8098.5005
576.0929	7838.6299
578.30823	6517.5923
580.52258	4569.1729
582.73596	3123.1621
584.94843	2217.7495
587.15991	1759.3239
589.37048	1567.0773
591.58008	1451.8009
593.78876	1638.6887
595.99646	1722.9343
598.20319	1797.5315
600.409	1923.078
602.61389	1953.5692
604.81781	2511.0022
607.02075	3111.176
609.22278	3800.489
611.42383	4202.1401
613.62402	3877.731
615.82318	3370.6611
618.02142	2727.9336
620.21875	2631.9507
622.4151	2942.5146
624.61053	3379.6289
626.80499	4069.4998
628.99854	5006.73
631.19116	6494.7251
633.38281	8095.0928
635.57355	9628.6357
637.76331	10637.366
639.95215	10230.487
642.14008	8772.4082
644.32703	6449.938
646.51306	4420.8862
648.69818	3104.0586
650.88232	2374.8677
653.06555	1788.3232
655.24786	1496.4357
657.4292	1200.6152
659.60968	894.6723
661.78912	668.01965
663.96771	460.46884
666.14532	373.23077
668.32202	285.51865
670.4978	296.74539
672.67267	462.52249
674.84656	727.46497
677.01953	1013.5848
679.19159	1265.4951
681.36273	1721.4109
683.5329	1858.1453
685.70221	1541.1127
687.87054	978.92725
690.03796	528.40356
692.20447	207.15578
694.37	3.6124227e-005
696.53467	24.748863
698.69836	184.61952
700.86115	324.62552
703.02307	351.58121
705.18402	483.504
707.34406	643.20837
709.50311	709.91058
711.66132	894.82397
713.8186	1105.7654
715.97491	1227.1495
718.13037	1161.9923
720.28485	972.31091
722.43848	734.31763
724.59113	363.0303
726.74286	264.46387
728.89374	274.03348
731.04364	390.75516
733.19263	649.24512
735.34076	1117.1168
737.48792	1495.5872
739.63422	2124.2708
741.77954	2497.9832
743.92395	2805.5393
746.0675	3017.5537
748.21008	3220.644
750.35181	3742.0234
752.49261	4626.7051
754.63245	5925.707
756.77142	6649.0415
758.90948	6716.1255
761.04663	6487.9707
763.18286	6275.5933
765.31824	6553.2065
767.45264	6836.8257
769.58618	6932.8613
771.71875	6447.1323
773.85046	5408.4492
775.98126	4095.4258
778.11115	2728.0776
780.24017	1913.6143
782.36823	1219.8512
784.49542	782.40027
786.6217	583.87567
788.74707	691.48822
790.87152	806.25122
792.99512	845.17725
795.1178	637.67737
797.23956	472.56436
799.36041	118.24927
801.48041	223.14323
803.59949	621.85889
805.71765	1212.8068
807.8349	1830.5973
809.95129	2015.0394
812.06677	1660.1483
814.18134	1009.9312
816.29504	363.79797
818.40784	54.358883
820.51971	93.02494
822.63074	184.20439
824.74084	354.70602
826.85004	811.74109
828.95837	1243.3158
831.0658	1957.0399
833.1723	2375.9231
835.27795	2621.1721
837.38275	2611.5935
839.48657	2401.1985
841.58954	2119.593
843.69165	2024.9835
845.79285	1861.1787
847.89313	1614.7849
849.99255	1162.8063
852.09106	574.4541
854.18872	271.93124
856.28546	48.445404
858.38135	-3.5054658e-005
860.47632	137.40372
862.57037	305.45987
864.66364	521.97345
866.75592	899.55029
868.84735	1067.1952
870.93793	1037.1128
873.02759	869.70636
875.11639	832.1806
877.20428	841.13928
879.29132	756.58374
881.3775	692.92175
883.46277	520.55316
885.54712	305.48297
887.63062	219.31219
889.71326	286.24457
891.79504	323.28146
893.87585	616.42645
895.95587	742.87793
898.03497	1097.4418
900.11322	1312.7189
902.19061	1639.9078
904.26709	2025.0117
906.34271	2345.8303
908.41742	2550.1667
910.49127	2730.0178
912.56427	2792.5869
914.63641	2812.6726
916.70764	2825.2751
918.77802	3095.1929
920.84747	3454.8276
922.91614	3932.177
924.98389	4637.2417
927.05078	5212.417
929.11676	5832.3076
931.18195	6739.5059
933.24622	7644.6147
935.30963	8559.2314
937.37213	9400.9502
939.43384	9823.7734
941.49463	9210.6992
943.55457	7767.3203
945.61365	6095.0386
947.67181	4591.0483
949.72919	3513.9497
951.78564	2813.9355
953.84125	2473.8047
955.896	2332.9543
957.94989	2537.3792
960.00293	2603.4773
962.05505	2737.6433
964.10632	2821.8733
966.1568	2776.5657
968.20636	2686.311
970.25507	2602.908
972.30292	2639.9517
974.34991	2879.0388
976.39606	3149.9614
978.44128	3398.915
980.48572	3676.0967
982.5293	4039.5005
984.57196	3979.3201
986.61383	3786.949
988.65479	3397.3831
990.69495	2963.2163
992.73419	2585.2434
994.77264	2438.0586
996.81018	2412.4539
998.84692	2708.4238
1000.8828	3463.7642
1002.9178	4671.6646
1004.9519	6679.7231
1006.9852	9590.5303
1009.0176	12494.479
1011.0493	14833.365
1013.08	15232.981
1015.1099	13636.117
1017.1389	10726.569
1019.1671	7758.5308
1021.1945	5575.3911
1023.2209	3921.3477
1025.2466	2669.3899
1027.2714	1740.1116
1029.2954	1062.3055
1031.3185	735.36237
1033.3407	712.67694
1035.3622	864.44232
1037.3827	1129.6483
1039.4025	1187.489
1041.4213	1076.3536
1043.4393	885.63922
1045.4565	823.73615
1047.4729	712.63574
1049.4884	680.92957
1051.5031	838.41162
1053.5168	858.87268
1055.5298	731.50415
1057.542	527.50159
1059.5532	219.05238
1061.5637	154.752
1063.5734	235.19154
1065.5822	471.76242
1067.5901	770.45563
1069.5972	912.86462
1071.6034	944.98138
1073.6089	796.99756
1075.6134	593.50372
1077.6172	358.29462
1079.6201	305.76108
1081.6222	188.29349
1083.6234	447.08502
1085.6239	933.5296
1087.6234	1445.2147
1089.6222	1763.538
1091.6201	1561.8862
1093.6172	1366.4548
1095.6134	1043.8333
1097.6088	939.21606
1099.6034	890.39569
1101.5972	800.36279
1103.5901	857.11053
1105.5822	947.43005
1107.5734	1382.3136
1109.5638	1744.7552
1111.5535	1922.3462
1113.5422	1872.0801
1115.5302	1481.9474
1117.5172	1262.3409
1119.5035	780.65643
1121.489	544.48346
1123.4736	438.41452
1125.4575	279.64496
1127.4404	185.56505
1129.4226	75.969543
1131.4039	48.050114
1133.3844	2.180216e-005
1135.3641	113.41347
1137.343	288.88278
1139.321	436.40121
1141.2982	660.56177
1143.2747	809.75964
1145.2502	842.7868
1147.225	1181.2374
1149.199	1568.505
1151.172	2217.1821
1153.1444	2874.4661
1155.1158	3227.947
1157.0864	3055.6189
1159.0563	2557.0801
1161.0254	2146.5227
1162.9935	1664.7389
1164.9609	1568.5255
1166.9275	1446.2764
1168.8933	1575.5869
1170.8582	1809.25
1172.8223	2189.4624
1174.7856	2922.8198
1176.7482	3818.9143
1178.7098	4926.3418
1180.6707	6237.5005
1182.6307	7709.7822
1184.59	9013.7842
1186.5483	9897.502
1188.506	10147.331
1190.4628	9752.0693
1192.4188	8815.3105
1194.374	7898.8506
1196.3284	7138.6855
1198.2819	6703.6128
1200.2346	6565.4307
1202.1866	6717.9341
1204.1377	7113.7163
1206.0881	7718.5811
1208.0376	8783.3203
1209.9863	9798.7324
1211.9342	10782.015
1213.8813	11654.166
1215.8276	12207.383
1217.7731	12550.062
1219.7178	12728.603
1221.6616	12658.601
1223.6047	12702.058
1225.547	12533.368
1227.4885	11837.732
1229.4292	10894.749
1231.369	9651.416
1233.3081	8298.9326
1235.2463	7201.2979
1237.1838	6149.5098
1239.1205	5215.1694
1241.0563	4562.6738
1242.9913	4090.0249
1244.9257	3725.8203
1246.8591	3544.0613
1248.7917	3498.7456
1250.7236	3557.0769
1252.6547	3667.6506
1254.585	3864.2725
1256.5144	3791.7373
1258.4431	3725.8506
1260.371	3495.2107
1262.2981	3332.0203
1264.2244	3236.678
1266.1498	3137.5857
1268.0745	3087.3455
1269.9984	2981.9592
1271.9215	2753.6282
1273.8439	2533.5535
1275.7654	2306.1377
1277.686	2226.5828
1279.6061	2343.8904
1281.5251	2448.2634
1283.4435	2593.3057
1285.3611	2843.4167
1287.2778	3067.4026
1289.1938	3232.4648
1291.109	3368.0056
1293.0234	3495.0295
1294.937	3585.3391
1296.8499	3635.9377
1298.762	3548.8289
1300.6732	3526.4189
1302.5836	3323.3076
1304.4933	2976.1021
1306.4022	2912.0059
1308.3103	2660.6228
1310.2177	2632.3572
1312.1241	2729.4133
1314.0299	2711.1978
1315.9349	2951.3132
1317.8391	2906.1658
1319.7426	3087.5601
1321.6451	3353.7019
1323.547	3506.9973
1325.448	3600.2483
1327.3483	3576.2646
1329.2478	3304.6499
1331.1465	2916.2112
1333.0444	2563.1531
1334.9415	1958.8824
1336.8379	1629.2051
1338.7335	1337.5277
1340.6283	1376.0573
1342.5223	1200.9991
1344.4156	1136.36
1346.3081	1052.1481
1348.1998	1029.7693
1350.0907	1042.6305
1351.9808	996.33984
1353.8702	879.30298
1355.7589	770.52722
1357.6467	642.02155
1359.5337	431.99362
1361.42	246.44901
1363.3055	49.596703
1365.1902	78.445503
1367.0742	9.6008091
1368.9574	107.87154
1370.8397	24.067528
1372.7214	51.194794
1374.6023	53.462944
1376.4823	95.679138
1378.3617	96.652328
1380.2402	85.39122
1382.118	25.703573
1383.995	-2.195721e-005
1385.8712	30.286572
1387.7467	168.77328
1389.6215	130.66914
1391.4954	281.78345
1393.3685	484.72415
1395.241	603.89966
1397.1125	818.32166
1398.9834	1089.5962
1400.8535	1180.3341
1402.7229	1194.9449
1404.5914	1278.8372
1406.4592	1310.6198
1408.3263	1188.7036
1410.1926	1193.0961
1412.0581	1170.2076
1413.9229	1095.4475
1415.7869	1024.2256
1417.65	1038.5518
1419.5126	1106.0343
1421.3743	972.08301
1423.2351	984.7085
1425.0953	1001.518
1426.9547	1055.5239
1428.8135	1112.9343
1430.6714	1339.5583
1432.5284	1448.6077
1434.3849	1497.4896
1436.2405	1498.2146
1438.0953	1420.9919
1439.9495	1447.6318
1441.8029	1347.1431
1443.6554	1312.136
1445.5072	1443.8199
1447.3583	1680.0033
1449.2086	1973.4972
1451.0582	2313.7095
1452.907	2330.4497
1454.7551	2188.1289
1456.6024	1981.5537
1458.449	1824.536
1460.2948	1906.6835
1462.1398	2088.0056
1463.9841	2389.3108
1465.8276	2672.8086
1467.6704	2889.9102
1469.5125	2789.02
1471.3538	2561.7502
1473.1943	2051.1079
1475.0341	1560.9021
1476.873	1063.3427
1478.7114	669.4364
1480.549	308.59174
1482.3857	97.417648
1484.2218	76.122551
1486.057	5.5140333
1487.8916	1.3680197e-005
1489.7253	46.98814
1491.5585	89.286613
1493.3907	44.502914
1495.2223	232.04428
1497.0531	341.31747
1498.8832	478.53186
1500.7125	593.09198
1502.5411	690.40717
1504.3689	810.8819
1506.196	992.32391
1508.0223	1157.339
1509.8479	1263.5345
1511.6729	1470.1168
1513.4969	1570.0902
1515.3203	1784.4623
1517.1429	1916.2366
1518.9648	2105.6208
1520.786	2372.4189
1522.6064	2533.0354
1524.426	2852.8755
1526.245	2961.5461
1528.0632	3136.4478
1529.8806	3083.5869
1531.6974	3084.9683
1533.5133	2983.7939
1535.3286	2797.0684
1537.1431	2698.3936
1538.9569	2453.9746
1540.7699	2199.4121
1542.5822	1993.3107
1544.3937	1889.2711
1546.2046	1862.6975
1548.0146	1699.7888
1549.824	1799.9482
1551.6326	1837.9762
1553.4406	1928.6769
1555.2477	2088.446
1557.0541	2323.0867
1558.8597	2454.7988
1560.6647	2634.7815
1562.4689	2920.8342
1564.2723	3432.5576
1566.0752	4006.7507
1567.8772	4819.0107
1569.6785	5833.1338
1571.479	6991.3223
1573.2789	8330.3711
1575.078	10041.278
1576.8763	11659.838
1578.674	12911.249
1580.4709	13412.51
1582.2671	12665.613
1584.0626	11130.355
1585.8573	9170.5303
1587.6514	7332.9346
1589.4446	6030.7593
1591.2372	5218.8027
1593.0289	4777.6543
1594.8201	4572.3086
1596.6105	4422.3608
1598.4001	4585.3994
1600.1891	4724.2178
1601.9773	4877.6055
1603.7648	4903.1558
1605.5515	5179.0571
1607.3375	5124.3018
1609.1228	5115.6792
1610.9075	5240.1782
1612.6913	5366.5835
1614.4745	5540.8906
1616.2568	5838.6792
1618.0386	6094.3442
1619.8196	6677.0679
1621.5999	6996.8369
1623.3794	7347.8379
1625.1582	7517.2554
1626.9363	7619.2734
1628.7137	7604.8809
1630.4904	7410.8525
1632.2664	7223.98
1634.0416	7025.644
1635.8162	6664.6245
1637.59	6327.9014
1639.363	5775.6592
1641.1354	5309.8774
1642.907	4582.7334
1644.678	3826.6118
1646.4482	3232.0879
1648.2177	2623.136
1649.9865	2011.541
1651.7545	1466.8756
1653.522	1134.7195
1655.2886	874.04163
1657.0546	671.42426
1658.8198	482.43762
1660.5844	388.05649
1662.3481	234.85356
1664.1112	158.80037
1665.8735	135.06992
1667.6353	116.8373
1669.3962	44.467712
1671.1565	19.332357
1672.916	-1.3732351e-006
1674.6748	34.238911
1676.433	121.02153
1678.1904	46.309269
1679.9471	24.470846
1681.7031	32.670162
1683.4584	41.67197
1685.213	41.846394
1686.9669	45.350571
1688.7201	51.348423
1690.4725	146.40254
1692.2242	142.07378
1693.9753	117.72543
1695.7257	210.91437
1697.4753	256.19913
1699.2244	244.74133
